Webots Project File version R2025a
perspectives: 000000ff00000000fd000000020000000100000250000002cefc0200000001fb0000001400540065007800740045006400690074006f00720000000000000002ce0000004500ffffff00000003000005be000000b0fc0100000001fb0000001a0043006f006e0073006f006c00650041006c006c0041006c006c0100000000000005be0000008700ffffff000005be0000026c00000001000000020000000100000008fc00000000
simulationViewPerspectives: 000000ff0000000100000002000001300000048c0100000002010000000100
sceneTreePerspectives: 000000ff00000001000000030000001e000000c0000000fa0100000002010000000200
maximizedDockId: -1
centralWidgetVisible: 1
orthographicViewHeight: 1
textFiles: -1
consoles: Console:All:All
renderingDevicePerspectives: rosbot:camera depth;1;0.222828;0.746298;0.00276518
renderingDevicePerspectives: rosbot:camera rgb;1;0.329688;0;0
