Webots Project File version R2025a
perspectives: 000000ff00000000fd00000002000000010000011c000002a5fc0200000001fb0000001400540065007800740045006400690074006f00720100000000000002a50000004500ffffff00000003000005be000000d9fc0100000001fb0000001a0043006f006e0073006f006c00650041006c006c0041006c006c0100000000000005be0000008700ffffff000004a0000002a500000001000000020000000100000008fc00000000
simulationViewPerspectives: 000000ff0000000100000002000001140000038c0100000002010000000100
sceneTreePerspectives: 000000ff00000001000000030000001e000000c0000000000100000002010000000200
minimizedPerspectives: 000000ff00000000fd00000002000000010000025000000292fc0200000001fb0000001400540065007800740045006400690074006f00720000000000000002920000004500ffffff00000003000005be000000ecfc0100000001fb0000001a0043006f006e0073006f006c00650041006c006c0041006c006c0100000000000005be0000008700ffffff000005be0000029200000001000000020000000100000008fc00000000
maximizedDockId: -1
centralWidgetVisible: 1
orthographicViewHeight: 1
textFiles: -1
globalOptionalRendering: CoordinateSystem
consoles: Console:All:All
renderingDevicePerspectives: rosbot:camera depth;1;0.137392;0.790858;0
renderingDevicePerspectives: rosbot:camera rgb;1;0.341667;0;0
