Webots Project File version R2025a
perspectives: 000000ff00000000fd00000002000000010000032e00000605fc0200000001fb0000001400540065007800740045006400690074006f00720100000019000006050000008900ffffff0000000300000e600000021afc0100000001fb0000001a0043006f006e0073006f006c00650041006c006c0041006c006c010000000000000e600000006900ffffff00000b300000060500000001000000020000000100000008fc00000000
simulationViewPerspectives: 000000ff000000010000000200000173000004ed0100000002010000000100
sceneTreePerspectives: 000000ff000000010000000300000022000003760000022c0100000002010000000200
maximizedDockId: -1
centralWidgetVisible: 1
orthographicViewHeight: 1
textFiles: 0 "../../../../../Programme/Webots/projects/robots/husarion/rosbot/controllers/rosbot/rosbot.c"
consoles: Console:All:All
renderingDevicePerspectives: rosbot:camera depth;1;0.63009;0;0.29527
renderingDevicePerspectives: rosbot:camera rgb;1;0.895833;0;0
