Webots Project File version R2025a
perspectives: 000000ff00000000fd00000002000000010000011c00000393fc0200000001fb0000001400540065007800740045006400690074006f00720100000015000003930000003f00ffffff0000000300000700000000dafc0100000001fb0000001a0043006f006e0073006f006c00650041006c006c0041006c006c0100000000000007000000006900ffffff000005e20000039300000001000000020000000100000008fc00000000
simulationViewPerspectives: 000000ff0000000100000002000001c700000b790100000002010000000100
sceneTreePerspectives: 000000ff00000001000000030000002200000707000000fa0100000002010000000200
maximizedDockId: -1
centralWidgetVisible: 1
orthographicViewHeight: 1
textFiles: -1
consoles: Console:All:All
renderingDevicePerspectives: rosbot:camera depth;1;0.895833;0;0
renderingDevicePerspectives: rosbot:camera rgb;1;0.895833;0;0
